4037   0.0046127158911675485
15   0.0036812207295292792
6634   0.003524813657640259
2625   0.0032863743692309023
2398   0.0026053331717250192
2470   0.0025301053283849546
2237   0.002504703800483994
4191   0.0022662633042363454
7553   0.002170185049195958
5254   0.0021500675059293235
1186   0.0020438936876029153
2328   0.0020416288860889186
1297   0.0019518608216122285
4335   0.0019353014475784877
7620   0.0019301193957548752
5412   0.00191670807752399
7632   0.0019037739909136618
4875   0.0018675748225119092
3352   0.0017851250122027215
2654   0.0017693207143482425
6832   0.0017646895191923734
762   0.0017478626294191988
6946   0.0017404328450373553
737   0.0017365555312247153
2066   0.0017190133175865356
8293   0.0017044691035007064
3089   0.0016993720805897224
28   0.0016986730322136937
2535   0.0016682067978015206
214   0.001659919966936546
3334   0.0016535779185613182
665   0.0016523142774243047
4735   0.001620956758041132
6774   0.001615901009929992
7092   0.0015973872534344033
2565   0.0015503503379620108
5484   0.0015430456206335557
4310   0.0014598839350747038
1211   0.001417714690132005
5423   0.0014139627646056567
3456   0.0014108878727556986
8042   0.0014080190730424436
2657   0.0013631759714335006
5233   0.0013579769235324715
5404   0.0013576574552765122
271   0.001334924091441659
4712   0.0013347959975447965
5079   0.0012961508663821581
4828   0.0012956529319273573
4261   0.0012876727534924751
5210   0.0012812378374335914
6914   0.0012617583332444008
3459   0.0012544565213175444
2285   0.0012443777169158037
1549   0.0012421979673656227
1842   0.001239703047269754
4666   0.0012102604198827053
993   0.0012035351707928483
8163   0.0011948936565061826
3562   0.00118183008970489
3084   0.0011782972236993022
1026   0.0011753214112851216
5123   0.0011612834308386253
2958   0.0011588960462765746
3117   0.001145250816648929
3537   0.0011434410135421535
2576   0.0011406284132013632
2643   0.0011230140418049847
299   0.001111572236198922
922   0.0011102332549468264
4110   0.0011074368341412327
1855   0.0011069757039339878
5022   0.0011058798871145426
2651   0.0010996260440959385
3897   0.0010969509274752261
282   0.0010828961137115452
4600   0.001071032708025259
1031   0.0010703596945955869
4687   0.001069221410988324
3755   0.001064328972994103
2871   0.0010634725736072095
4536   0.001063455378816112
3443   0.0010631946352370556
7699   0.0010608267960310685
1385   0.0010579341179430101
2746   0.0010562495965007238
5543   0.0010508052619841281
3568   0.0010498975127616174
5459   0.0010480429113809272
4400   0.001038758194748274
2485   0.0010286924805163501
1633   0.0010204970358821555
4256   0.001013118348989187
7890   0.0010122042869467715
3976   0.0010110104201263297
1726   0.0009986539471111566
2323   0.0009896478018814427
3238   0.0009886363378648793
6784   0.0009810281906291
3034   0.0009797286227845607